%Ax=b solve x
A=[1 0 0 0;
    4 1 0 0;
    2 0.5 1 0;
    1 0.1 1.8 1]
b=[-2;2;1;-1]
x=A\b