%{
A=[1 1 1 1 0;
   0 1 2 3 -1;
   0 1 4 9 -2;
   0 1 8 27 -3;
   0 1 16 81 -4;]

b=[0;1;0;0;0]

x=A\b
%}

A=[1 1 1 1 1 0;
   0 1 2 3 4 -1;
   0 1 4 9 16 -2;
   0 1 8 27 64 -3;
   0 1 16 81 256 -4;
   0 1 32 243 1024 -5;]
b=[0;1;0;0;0;0]

x=A\b
%D(index)=(-3.0833*givenPoint(1)+0.6667*givenPoint(2)+3*givenPoint(3)-0.6667*givenPoint(4)+0.0833*givenPoint(5))/h
